 --------  PYTHIA Event Listing  (complete event)  ---------------------------------------------------------------------------------

    no         id  name            status     mothers   daughters     colours      p_x        p_y        p_z         e          m
     0         90  (system)           -11     0     0     0     0     0     0      0.000      0.000      0.000  13600.000  13600.000
     1       2212  (p+)               -12     0     0   189     0     0     0      0.000      0.000   6800.000   6800.000      0.938
     2       2212  (p+)               -12     0     0   190     0     0     0      0.000      0.000  -6800.000   6800.000      0.938
     3          4  (c)                -21     7     7     5     6   101     0      0.000      0.000    980.641    980.641      0.000
     4         21  (g)                -21     8     0     5     6   102   101      0.000      0.000    -11.273     11.273      0.000
     5          4  (c)                -23     3     4     9     9   103     0     -3.048     -1.756    980.363    980.370      1.500
     6         21  (g)                -23     3     4    10    10   102   103      3.048      1.756    -10.995     11.544      0.000
     7          4  (c)                -42    24    24     3     3   101     0     -0.000      0.000    980.641    980.641      0.000
     8         21  (g)                -41    25     0    11     4   102   104      0.000     -0.000    -11.478     11.478      0.000
     9          4  (c)                -44     5     5    26    26   103     0     -3.048     -1.756    966.511    966.519      1.500
    10         21  (g)                -44     6     6    27    27   102   103      1.554      2.042    -11.289     11.577      0.000
    11         21  (g)                -43     8     0    28    28   101   104      1.495     -0.285     13.941     14.024      0.000
    12         21  (g)                -31    49     0    14    15   106   105      0.000      0.000     14.957     14.957      0.000
    13         21  (g)                -31    50    50    14    15   108   107      0.000      0.000     -1.097      1.097      0.000
    14         21  (g)                -33    12    13    51    51   108   105      1.931      2.325     12.275     12.642      0.000
    15         21  (g)                -33    12    13    52    52   106   107     -1.931     -2.325      1.585      3.413      0.000
    16         21  (g)                -31    88     0    18    19   110   109      0.000      0.000     12.675     12.675      0.000
    17         21  (g)                -31    89    89    18    19   111   110      0.000      0.000     -1.019      1.019      0.000
    18         21  (g)                -33    16    17    66    67   112   109     -2.372      0.514     10.878     11.145      0.000
    19         21  (g)                -33    16    17    68    68   111   112      2.372     -0.514      0.778      2.549      0.000
    20         21  (g)                -31    30     0    22    23   113   114      0.000      0.000      1.295      1.295      0.000
    21         21  (g)                -31    31    31    22    23   114   115      0.000      0.000    -21.595     21.595      0.000
    22         21  (g)                -33    20    21    32    32   113   116     -2.419     -0.057      0.027      2.420      0.000
    23         21  (g)                -33    20    21    33    33   116   115      2.419      0.057    -20.327     20.470      0.000
    24          4  (c)                -42    38     0     7     7   101     0     -0.000     -0.000    980.641    980.641      0.000
    25         21  (g)                -41    39    39    29     8   117   104      0.000      0.000   -969.842    969.842      0.000
    26          4  (c)                -44     9     9    37    37   103     0     -3.048     -1.756    966.131    966.138      1.500
    27         21  (g)                -44    10    10    35    36   102   103      2.637      3.851    -10.958     11.911      0.000
    28         21  (g)                -44    11    11    42    42   101   104      1.499     -0.279     13.988     14.071      0.000
    29         21  (g)                -43    25     0    43    43   117   102     -1.088     -1.816   -958.361    958.364      0.000
    30         21  (g)                -41   132   132    34    20   118   114     -0.000     -0.000     58.256     58.256      0.000
    31         21  (g)                -42   133     0    21    21   114   115      0.000      0.000    -21.595     21.595      0.000
    32         21  (g)                -44    22    22    63    64   113   116     -0.894      0.919      0.940      1.590      0.000
    33         21  (g)                -44    23    23   117   118   116   115      2.509      0.114    -21.180     21.328      0.000
    34         21  (g)                -43    30     0    65    65   118   113     -1.615     -1.033     56.901     56.933      0.000
    35         21  (g)                -51    27     0    41    41   102   119      3.045      1.467     -7.602      8.319      0.000
    36         21  (g)                -51    27     0    44    44   119   103     -0.409      2.383     -3.053      3.895      0.000
    37          4  (c)                -52    26    26    40    40   103     0     -3.047     -1.755    965.827    965.835      1.500
    38         21  (g)                -41   189   189    45    24   101   120      0.000     -0.000   1391.977   1391.977      0.000
    39         21  (g)                -42   167   167    25    25   117   104      0.000      0.000   -969.842    969.842      0.000
    40          4  (c)                -44    37    37    46    47   103     0     -3.733     -1.787    965.828    965.838      1.500
    41         21  (g)                -44    35    35   146   146   102   119      3.045      1.467     -7.601      8.318      0.000
    42         21  (g)                -44    28    28   165   166   101   104      1.489     -0.279     13.989     14.070      0.000
    43         21  (g)                -44    29    29   144   145   117   102     -1.088     -1.816   -958.360    958.362      0.000
    44         21  (g)                -44    36    36    48    48   119   103     -0.410      2.383     -3.053      3.895      0.000
    45         -4  (cbar)             -43    38     0   196   196     0   120      0.697      0.033    411.332    411.336      1.500
    46          4  (c)                -51    40     0    54    55   121     0     -4.870     -1.429    952.355    952.369      1.500
    47         21  (g)                -51    40     0    56    56   103   121      1.134     -0.339     13.448     13.500      0.000
    48         21  (g)                -52    44    44    98    98   119   103     -0.406      2.364     -3.028      3.863      0.000
    49         21  (g)                -41    57     0    53    12   106   122      0.000     -0.000    203.612    203.612      0.000
    50         21  (g)                -42    58    58    13    13   108   107      0.000     -0.000     -1.097      1.097      0.000
    51         21  (g)                -44    14    14    59    59   108   105      0.725      2.568     12.768     13.044      0.000
    52         21  (g)                -44    15    15    60    60   106   107     -2.172     -2.277      1.632      3.545      0.000
    53         21  (g)                -43    49     0    61    61   105   122      1.447     -0.291    188.114    188.120      0.000
    54          4  (c)                -51    46     0   182   182   123     0     -3.659     -1.173    508.269    508.286      1.500
    55         21  (g)                -51    46     0   123   124   121   123     -1.134     -0.279    445.006    445.008      0.000
    56         21  (g)                -52    47    47    96    97   103   121      1.056     -0.316     12.527     12.576      0.000
    57         21  (g)                -41    69    69    62    49   124   122      0.000      0.000    772.414    772.414      0.000
    58         21  (g)                -42    70     0    50    50   108   107     -0.000      0.000     -1.097      1.097      0.000
    59         21  (g)                -44    51    51    71    71   108   105      0.677      2.628     12.793     13.077      0.000
    60         21  (g)                -44    52    52    72    72   106   107     -2.182     -2.264      1.642      3.547      0.000
    61         21  (g)                -44    53    53    73    73   105   122      0.749      0.586    188.537    188.539      0.000
    62         21  (g)                -43    57     0    74    74   124   106      0.756     -0.949    568.345    568.347      0.000
    63         21  (g)                -51    32     0   114   115   125   116     -0.905      1.712      3.153      3.700      0.000
    64         21  (g)                -51    32     0   116   116   113   125     -0.162     -0.903      3.905      4.012      0.000
    65         21  (g)                -52    34    34   136   136   118   113     -1.442     -0.922     50.782     50.811      0.000
    66         21  (g)                -51    18     0    90    90   126   109     -0.559      1.184      3.244      3.498      0.000
    67         21  (g)                -51    18     0    82    83   112   126     -1.574     -0.722      7.712      7.904      0.000
    68         21  (g)                -52    19    19    84    84   111   112      2.133     -0.462      0.700      2.292      0.000
    69         21  (g)                -42   209   209    57    57   124   122     -0.000     -0.000    772.414    772.414      0.000
    70         21  (g)                -41   210   210    75    58   127   107      0.000      0.000     -3.975      3.975      0.000
    71         21  (g)                -44    59    59    81    81   108   105      0.664      2.489     11.502     11.787      0.000
    72         21  (g)                -44    60    60    78    78   106   107     -2.272     -3.198      3.082      4.989      0.000
    73         21  (g)                -44    61    61    79    80   105   122      0.749      0.584    188.126    188.128      0.000
    74         21  (g)                -44    62    62    76    77   124   106      0.756     -0.950    568.505    568.506      0.000
    75         21  (g)                -43    70     0   150   151   127   108      0.104      1.075     -2.776      2.979      0.000
    76         21  (g)                -51    74     0   111   112   124   128      1.363     -1.468    467.037    467.041      0.000
    77         21  (g)                -51    74     0   113   113   128   106     -0.614      0.508    101.478    101.481      0.000
    78         21  (g)                -52    72    72   131   131   106   107     -2.265     -3.188      3.072      4.973      0.000
    79         -1  (dbar)             -51    73     0   213   213     0   122      0.330      1.116     49.004     49.019      0.330
    80          1  (d)                -51    73     0   110   110   105     0      0.452     -0.407    139.698    139.699      0.330
    81         21  (g)                -52    71    71   108   109   108   105      0.630      2.364     10.927     11.197      0.000
    82         21  (g)                -51    67     0    92    92   129   126     -0.356     -1.287      4.196      4.403      0.000
    83         21  (g)                -51    67     0    87    87   112   129     -0.975      0.513      3.596      3.761      0.000
    84         21  (g)                -52    68    68    85    86   111   112      1.891     -0.410      0.620      2.032      0.000
    85         21  (g)                -51    84     0    91    91   111   130      0.801     -0.701      1.670      1.980      0.000
    86         21  (g)                -51    84     0    94    94   130   112      0.853      0.415     -0.177      0.965      0.000
    87         21  (g)                -52    83    83    93    93   112   129     -0.739      0.388      2.723      2.848      0.000
    88         21  (g)                -41    99     0    95    16   131   109      0.000      0.000    127.190    127.190      0.000
    89         21  (g)                -42   100   100    17    17   111   110     -0.000     -0.000     -1.019      1.019      0.000
    90         21  (g)                -44    66    66   101   101   126   109     -0.609      1.413      3.255      3.600      0.000
    91         21  (g)                -44    85    85   102   102   111   130      0.774     -0.576      1.730      1.981      0.000
    92         21  (g)                -44    82    82   103   103   129   126     -0.421     -0.994      4.305      4.438      0.000
    93         21  (g)                -44    87    87   104   104   112   129     -0.780      0.578      2.749      2.915      0.000
    94         21  (g)                -44    86    86   105   105   130   112      0.847      0.442     -0.169      0.970      0.000
    95         21  (g)                -43    88     0   106   106   131   110      0.189     -0.862    114.300    114.304      0.000
    96         21  (g)                -51    56     0   125   125   132   121     -0.481     -0.489      1.022      1.231      0.000
    97         21  (g)                -51    56     0   128   128   103   132      1.522      0.264     11.389     11.493      0.000
    98         21  (g)                -52    48    48   126   127   119   103     -0.391      2.273     -2.912      3.715      0.000
    99         21  (g)                -41   226   226   107    88   133   109     -0.000     -0.000   1291.311   1291.311      0.000
   100         21  (g)                -42   227   227    89    89   111   110      0.000     -0.000     -1.019      1.019      0.000
   101         21  (g)                -44    90    90   153   154   126   109     -0.587      1.407      3.264      3.602      0.000
   102         21  (g)                -44    91    91   229   229   111   130      0.786     -0.580      1.730      1.987      0.000
   103         21  (g)                -44    92    92   155   155   129   126     -0.392     -1.003      4.312      4.444      0.000
   104         21  (g)                -44    93    93   122   122   112   129     -0.762      0.572      2.756      2.916      0.000
   105         21  (g)                -44    94    94   120   121   130   112      0.850      0.441     -0.169      0.972      0.000
   106         21  (g)                -44    95    95   161   161   131   110      0.926     -1.085    114.477    114.486      0.000
   107         21  (g)                -43    99     0   159   160   133   131     -0.819      0.248   1163.922   1163.922      0.000
   108          1  (d)                -51    81     0   152   152   108     0      0.708     -0.060      8.481      8.517      0.330
   109         -1  (dbar)             -51    81     0   218   218     0   105     -0.046      2.394     12.345     12.579      0.330
   110          1  (d)                -52    80    80   217   217   105     0      0.420     -0.378    129.799    129.801      0.330
   111         21  (g)                -51    76     0   214   214   124   134      1.278     -1.050    252.105    252.110      0.000
   112         21  (g)                -51    76     0   173   173   134   128     -0.164     -0.211    256.119    256.119      0.000
   113         21  (g)                -52    77    77   129   130   128   106     -0.365      0.302     60.291     60.293      0.000
   114         21  (g)                -51    63     0   119   119   135   116     -0.955      0.868      1.266      1.808      0.000
   115         21  (g)                -51    63     0   138   138   125   135     -0.007      0.526      3.259      3.301      0.000
   116         21  (g)                -52    64    64   137   137   113   125     -0.105     -0.586      2.534      2.603      0.000
   117         21  (g)                -51    33     0   135   135   138   115      0.327     -0.064     -9.130      9.136      0.000
   118         21  (g)                -51    33     0   139   139   116   138      2.165      0.193    -12.028     12.223      0.000
   119         21  (g)                -52   114   114   134   134   135   116     -0.939      0.854      1.244      1.777      0.000
   120         21  (g)                -51   105     0   232   232   130   139      0.768      0.125     -0.248      0.817      0.000
   121         21  (g)                -51   105     0   235   235   139   112     -0.203      0.530      1.109      1.245      0.000
   122         21  (g)                -52   104   104   231   231   112   129     -0.477      0.358      1.726      1.826      0.000
   123         21  (g)                -51    55     0   180   181   140   123     -1.109      0.403    404.519    404.521      0.000
   124         21  (g)                -51    55     0   200   200   121   140     -0.039     -0.696     40.517     40.523      0.000
   125         21  (g)                -52    96    96   168   169   132   121     -0.467     -0.475      0.992      1.195      0.000
   126         21  (g)                -51    98     0   195   195   119   141     -0.998      1.568     -2.027      2.750      0.000
   127         21  (g)                -51    98     0   201   201   141   103      0.635      0.710     -0.680      1.171      0.000
   128         21  (g)                -52    97    97   170   170   103   132      1.495      0.260     11.185     11.287      0.000
   129         21  (g)                -51   113     0   171   172   128   142      0.533      0.359     21.082     21.092      0.000
   130         21  (g)                -51   113     0   143   143   142   106     -0.920     -0.089     39.239     39.250      0.000
   131         21  (g)                -52    78    78   141   142   106   107     -2.242     -3.156      3.042      4.924      0.000
   132         21  (g)                -42   239   239    30    30   118   114      0.000     -0.000     58.256     58.256      0.000
   133         21  (g)                -41   240   240   140    31   114   143     -0.000      0.000   -463.936    463.936      0.000
   134         21  (g)                -44   119   119   149   149   135   116     -0.942      0.862      1.263      1.796      0.000
   135         21  (g)                -44   117   117   242   242   138   115      0.204      0.214     -9.131      9.136      0.000
   136         21  (g)                -44    65    65   243   243   118   113     -1.442     -0.922     50.772     50.801      0.000
   137         21  (g)                -44   116   116   244   244   113   125     -0.106     -0.585      2.526      2.595      0.000
   138         21  (g)                -44   115   115   147   148   125   135     -0.007      0.527      3.266      3.309      0.000
   139         21  (g)                -44   118   118   246   246   116   138      2.002      0.562    -12.038     12.216      0.000
   140         21  (g)                -43   133     0   247   247   115   143      0.291     -0.658   -442.338    442.339      0.000
   141         21  (g)                -51   131     0   212   212   144   107     -1.535     -3.264      3.001      4.692      0.000
   142         21  (g)                -51   131     0   221   221   106   144     -0.738      0.105      1.360      1.551      0.000
   143         21  (g)                -52   130   130   220   220   142   106     -0.889     -0.086     37.920     37.931      0.000
   144         21  (g)                -51    43     0   185   185   117   145     -0.359     -1.745   -896.758    896.759      0.000
   145         21  (g)                -51    43     0   158   158   145   102     -0.713     -0.064    -61.640     61.645      0.000
   146         21  (g)                -52    41    41   156   157   102   119      3.030      1.459     -7.562      8.277      0.000
   147         21  (g)                -51   138     0   245   245   125   146     -0.617      0.504      0.705      1.064      0.000
   148         21  (g)                -51   138     0   248   248   146   135     -0.050      0.626      3.445      3.502      0.000
   149         21  (g)                -52   134   134   241   241   135   116     -0.283      0.259      0.379      0.539      0.000
   150         21  (g)                -51    75     0   164   164   127   147     -0.563      0.582     -1.987      2.146      0.000
   151         21  (g)                -51    75     0   162   163   147   108      0.683      0.492     -0.593      1.029      0.000
   152          1  (d)                -52   108   108   211   211   108     0      0.692     -0.058      8.285      8.321      0.330
   153         21  (g)                -51   101     0   228   228   148   109     -0.043      0.154     -0.062      0.172      0.000
   154         21  (g)                -51   101     0   236   236   126   148     -0.661      0.954      4.609      4.753      0.000
   155         21  (g)                -52   103   103   230   230   129   126     -0.276     -0.705      3.030      3.123      0.000
   156         21  (g)                -51   146     0   192   192   149   119      2.778      1.061     -6.005      6.701      0.000
   157         21  (g)                -51   146     0   203   203   102   149      0.206      0.395     -5.445      5.464      0.000
   158         21  (g)                -52   145   145   183   184   145   102     -0.668     -0.060    -57.753     57.756      0.000
   159         21  (g)                -51   107     0   234   234   133   150      0.283     -0.106    575.169    575.169      0.000
   160         21  (g)                -51   107     0   176   176   150   131     -1.029      0.268    597.890    597.891      0.000
   161         21  (g)                -52   106   106   174   175   131   110      0.852     -0.999    105.341    105.349      0.000
   162         21  (g)                -51   151     0   222   222   151   108     -0.171      0.319      0.051      0.365      0.000
   163         21  (g)                -51   151     0   223   223   147   151      0.462      0.578     -2.028      2.159      0.000
   164         21  (g)                -52   150   150   215   215   127   147     -0.171      0.177     -0.603      0.651      0.000
   165         21  (g)                -51    42     0   193   193   101   152      1.042      0.230      5.019      5.131      0.000
   166         21  (g)                -51    42     0   204   204   152   104      0.447     -0.510      8.942      8.968      0.000
   167         21  (g)                -53   190   190    39    39   117   104      0.000      0.000   -969.870    969.870      0.000
   168         -3  (sbar)             -51   125     0   197   197     0   121     -0.185      0.032      0.981      1.117      0.500
   169          3  (s)                -51   125     0   205   205   132     0      0.050     -0.449      2.490      2.580      0.500
   170         21  (g)                -52   128   128   199   199   103   132      1.163      0.202      8.705      8.785      0.000
   171         21  (g)                -51   129     0   177   178   153   142      0.116      0.048      0.895      0.903      0.000
   172         21  (g)                -51   129     0   179   179   128   153      0.369      0.249     95.307     95.308      0.000
   173         21  (g)                -52   112   112   219   219   134   128     -0.116     -0.149    180.999    180.999      0.000
   174         21  (g)                -51   161     0   233   233   154   110     -0.350     -0.385     58.900     58.902      0.000
   175         21  (g)                -51   161     0   238   238   131   154      1.070     -0.579    123.342    123.348      0.000
   176         21  (g)                -52   160   160   237   237   150   131     -0.896      0.233    520.988    520.989      0.000
   177         21  (g)                -51   171     0   216   216   155   142      0.706      0.052     32.410     32.418      0.000
   178         21  (g)                -51   171     0   225   225   153   155     -0.323      0.175     37.280     37.282      0.000
   179         21  (g)                -52   172   172   224   224   128   153      0.103      0.069     26.512     26.513      0.000
   180         21  (g)                -51   123     0   198   198   140   156     -1.356      0.087    221.533    221.538      0.000
   181         21  (g)                -51   123     0   206   206   156   123     -0.246      0.081    226.297    226.297      0.000
   182          4  (c)                -52    54    54   191   191   123     0     -3.165     -0.938    464.958    464.972      1.500
   183         21  (g)                -51   158     0   202   202   157   102     -0.795     -0.051   -183.281    183.283      0.000
   184         21  (g)                -51   158     0   188   188   145   157      0.070     -0.288    -17.990     17.992      0.000
   185         21  (g)                -52   144   144   186   187   117   145     -0.302     -1.466   -753.239    753.241      0.000
   186         21  (g)                -51   185     0   194   194   117   158     -0.069     -0.485   -470.214    470.215      0.000
   187         21  (g)                -51   185     0   208   208   158   145     -0.208     -1.084   -289.442    289.444      0.000
   188         21  (g)                -52   184   184   207   207   145   157      0.045     -0.186    -11.572     11.574      0.000
   189         21  (g)                -61     1     0    38    38   131   120     -0.445      0.473   1391.977   1391.977      0.000
   190         21  (g)                -61     2     0   167   167   117   104     -1.566      1.286   -969.870    969.872      0.000
   191          4  (c)                -62   182   182   292   292   123     0     -3.314     -0.780    464.960    464.974      1.500
   192         21  (g)                -62   156   156   323   323   149   119      2.768      1.069     -6.006      6.699      0.000
   193         21  (g)                -62   165   165   365   365   101   152      1.040      0.232      5.018      5.130      0.000
   194         21  (g)                -62   186   186   329   329   117   158     -0.828      0.139   -470.214    470.215      0.000
   195         21  (g)                -62   126   126   322   322   119   127     -1.002      1.571     -2.026      2.752      0.000
   196         -4  (cbar)             -62    45    45   254     0     0   128      0.565      0.173    411.332    411.335      1.500
   197         -3  (sbar)             -62   168   168   301   301     0   135     -0.186      0.032      0.982      1.118      0.500
   198         21  (g)                -62   180   180   266     0   140   156     -1.427      0.162    221.534    221.539      0.000
   199         21  (g)                -62   170   170   272   272   103   132      1.161      0.205      8.705      8.784      0.000
   200         21  (g)                -62   124   124   265     0   121   154     -0.052     -0.683     40.517     40.523      0.000
   201         21  (g)                -62   127   127   258     0   141   151      0.633      0.712     -0.681      1.171      0.000
   202         21  (g)                -62   183   183   326   326   157   138     -1.091      0.192   -183.281    183.284      0.000
   203         21  (g)                -62   157   157   259     0   102   116      0.198      0.402     -5.445      5.464      0.000
   204         21  (g)                -62   166   166   364   364   152   113      0.444     -0.506      8.941      8.967      0.000
   205          3  (s)                -62   169   169   271   271   132     0      0.049     -0.448      2.490      2.579      0.500
   206         21  (g)                -62   181   181   264     0   156   150     -0.319      0.158    226.297    226.297      0.000
   207         21  (g)                -62   188   188   260     0   145   157      0.026     -0.170    -11.572     11.573      0.000
   208         21  (g)                -62   187   187   328   328   158   115     -0.676     -0.700   -289.443    289.444      0.000
   209         21  (g)                -61     1     0    69    69   107   107     -2.192     -0.915    772.100    772.104      0.000
   210         21  (g)                -61     2     0    70    70   122   122      1.790      1.396     -3.649      4.297      0.000
   211          1  (d)                -62   152   152   316   316   108     0      0.676     -0.062      8.430      8.463      0.330
   212         21  (g)                -62   141   141   362   362   144   104     -1.163     -2.970      2.146      3.844      0.000
   213         -1  (dbar)             -62    79    79   367   367     0   155      0.193      1.061     49.256     49.269      0.330
   214         21  (g)                -62   111   111   256     0   124   105      0.563     -1.348    252.107    252.111      0.000
   215         21  (g)                -62   164   164   321   321   127   147      0.112      0.397     -0.559      0.695      0.000
   216         21  (g)                -62   177   177   366   366   155   101      0.615      0.015     32.566     32.572      0.000
   217          1  (d)                -62   110   110   256     0   105     0      0.052     -0.532    129.775    129.776      0.330
   218         -1  (dbar)             -62   109   109   261     0     0   146     -0.030      2.420     12.761     12.992      0.330
   219         21  (g)                -62   173   173   293   293   134   123     -0.629     -0.364    180.873    180.874      0.000
   220         21  (g)                -62   143   143   298   298   142   118     -0.994     -0.129     37.689     37.702      0.000
   221         21  (g)                -62   142   142   299   299   106   142     -0.699      0.137      1.219      1.411      0.000
   222         21  (g)                -62   162   162   257     0   151   148     -0.101      0.374      0.081      0.395      0.000
   223         21  (g)                -62   163   163   258     0   147   141      1.404      1.313     -1.650      2.533      0.000
   224         21  (g)                -62   179   179   254     0   128   133      0.027      0.038     26.537     26.537      0.000
   225         21  (g)                -62   178   178   266     0   153   140     -0.429      0.132     37.222     37.225      0.000
   226         21  (g)                -61     1     0    99    99   110   110      0.034      0.169   1290.977   1290.977      0.000
   227         21  (g)                -61     2     0   100   100   109   109      0.793      1.655     -0.193      1.845      0.000
   228         21  (g)                -62   153   153   257     0   148   130      0.048      0.344      0.141      0.375      0.000
   229         21  (g)                -62   102   102   317   317   111   108      0.886     -0.371      1.668      1.925      0.000
   230         21  (g)                -62   155   155   253     0   129   144     -0.239     -0.629      2.387      2.480      0.000
   231         21  (g)                -62   122   122   262     0   112   139     -0.438      0.440      1.872      1.972      0.000
   232         21  (g)                -62   120   120   318   318   130   111      1.182      0.990      0.584      1.649      0.000
   233         21  (g)                -62   174   174   296   296   154   153     -0.348     -0.375     58.437     58.439      0.000
   234         21  (g)                -62   159   159   255     0   133   120      0.298     -0.030    575.044    575.044      0.000
   235         21  (g)                -62   121   121   273   273   139   103     -0.150      0.641      1.515      1.652      0.000
   236         21  (g)                -62   154   154   262     0   126   112     -0.605      1.072      5.183      5.327      0.000
   237         21  (g)                -62   176   176   264     0   150   134     -0.882      0.302    520.695    520.695      0.000
   238         21  (g)                -62   175   175   284   284   131   124      1.075     -0.558    123.258    123.264      0.000
   239         21  (g)                -61     1     0   132   132   143   143      1.545     -0.241     58.241     58.262      0.000
   240         21  (g)                -61     2     0   133   133   114   114     -1.677     -3.486   -463.947    463.963      0.000
   241         21  (g)                -62   149   149   263     0   135   125     -0.271      0.256      0.383      0.535      0.000
   242         21  (g)                -62   135   135   259     0   138   102      0.171      0.145     -9.135      9.138      0.000
   243         21  (g)                -62   136   136   265     0   118   121     -0.094     -1.132     50.783     50.795      0.000
   244         21  (g)                -62   137   137   253     0   113   129     -0.038     -0.596      2.527      2.597      0.000
   245         21  (g)                -62   147   147   263     0   125   106     -0.594      0.499      0.714      1.054      0.000
   246         21  (g)                -62   139   139   324   324   116   149      1.960      0.471    -12.070     12.237      0.000
   247         21  (g)                -62   140   140   260     0   115   145     -1.308     -3.981   -442.352    442.372      0.000
   248         21  (g)                -62   148   148   261     0   146   126      0.042      0.611      3.444      3.498      0.000
   249       2101  (ud_0)             -63     1     0   285   285     0   131      0.130      0.170   2556.538   2556.538      0.579
   250          2  (u)                -63     1     0   255     0   120     0      0.928      0.344    728.995    728.996      0.330
   251          2  (u)                -63     2     0   361   361   104     0      0.393     -0.269  -2325.194   2325.194      0.330
   252       2101  (ud_0)             -63     2     0   330   330     0   117      0.268     -0.583  -3035.975   3035.975      0.579
   253         21  (g)                -73   230   244   363   363   113   144     -0.277     -1.225      4.915      5.077      0.218
   254         -4  (cbar)             -73   196   224   268   268     0   133      0.592      0.211    437.869    437.872      1.552
   255          2  (u)                -73   250   234   267   267   133     0      1.227      0.314   1304.039   1304.040      0.741
   256          1  (d)                -73   217   214   283   283   124     0      0.615     -1.880    381.882    381.888      0.694
   257         21  (g)                -73   222   228   319   319   151   130     -0.052      0.717      0.222      0.770      0.162
   258         21  (g)                -73   201   223   320   320   147   151      2.037      2.024     -2.330      3.703      0.197
   259         21  (g)                -73   203   242   325   325   138   116      0.369      0.547    -14.580     14.601      0.426
   260         21  (g)                -73   207   247   327   327   115   157     -1.282     -4.152   -453.924    453.945      0.553
   261         -1  (dbar)             -73   218   248   275   275     0   126      0.012      3.031     16.204     16.490      0.392
   262         21  (g)                -73   231   236   274   274   126   139     -1.043      1.512      7.055      7.299      0.367
   263         21  (g)                -73   241   245   300   300   135   106     -0.865      0.755      1.096      1.588      0.052
   264         21  (g)                -73   206   237   294   294   156   134     -1.201      0.460    746.992    746.993      0.106
   265         21  (g)                -73   200   243   297   297   118   154     -0.147     -1.815     91.299     91.318      0.248
   266         21  (g)                -73   198   225   295   295   153   156     -1.856      0.294    258.757    258.764      0.527
   267          2  (u)                -71   255   255   269   270   133     0      1.227      0.314   1304.039   1304.040      0.741
   268         -4  (cbar)             -71   254   254   269   270     0   133      0.592      0.211    437.869    437.872      1.552
   269        211  pi+                 83   267   268     0     0     0     0      1.125      0.724   1117.257   1117.258      0.140
   270       -411  (D-)               -84   267   268   450   451     0     0      0.694     -0.200    624.651    624.654      1.870
   271          3  (s)                -71   205   205   276   282   132     0      0.049     -0.448      2.490      2.579      0.500
   272         21  (g)                -71   199   199   276   282   103   132      1.161      0.205      8.705      8.784      0.000
   273         21  (g)                -71   235   235   276   282   139   103     -0.150      0.641      1.515      1.652      0.000
   274         21  (g)                -71   262   262   276   282   126   139     -1.043      1.512      7.055      7.299      0.367
   275         -1  (dbar)             -71   261   261   276   282     0   126      0.012      3.031     16.204     16.490      0.392
   276       -321  K-                  83   271   275     0     0     0     0      0.392      0.159      5.172      5.213      0.494
   277        213  (rho+)             -83   271   275   391   392     0     0     -0.113      0.012      2.730      2.850      0.809
   278        111  (pi0)              -83   271   275   452   453     0     0      0.866     -0.115      4.205      4.297      0.135
   279       -211  pi-                 84   271   275     0     0     0     0     -0.134      1.659      6.704      6.909      0.140
   280        111  (pi0)              -84   271   275   454   455     0     0     -0.175      0.568      2.651      2.720      0.135
   281        223  (omega)            -84   271   275   456   458     0     0     -0.929      2.154     11.683     11.942      0.784
   282        211  pi+                 84   271   275     0     0     0     0      0.121      0.504      2.823      2.874      0.140
   283          1  (d)                -71   256   256   286   291   124     0      0.615     -1.880    381.882    381.888      0.694
   284         21  (g)                -71   238   238   286   291   131   124      1.075     -0.558    123.258    123.264      0.000
   285       2101  (ud_0)             -71   249   249   286   291     0   131      0.130      0.170   2556.538   2556.538      0.579
   286        311  (K0)               -83   283   285   393   393     0     0      0.497     -1.153    160.660    160.665      0.498
   287       -311  (Kbar0)            -83   283   285   394   394     0     0      0.233     -0.565    251.482    251.483      0.498
   288        111  (pi0)              -83   283   285   459   460     0     0      0.790     -0.309    157.391    157.393      0.135
   289        111  (pi0)              -84   283   285   461   462     0     0      0.372     -0.026    726.791    726.791      0.135
   290        113  (rho0)             -84   283   285   395   396     0     0     -0.654     -0.046    387.906    387.908      1.047
   291       2112  n0                  84   283   285     0     0     0     0      0.582     -0.169   1377.449   1377.450      0.940
   292          4  (c)                -71   191   191   302   315   123     0     -3.314     -0.780    464.960    464.974      1.500
   293         21  (g)                -71   219   219   302   315   134   123     -0.629     -0.364    180.873    180.874      0.000
   294         21  (g)                -71   264   264   302   315   156   134     -1.201      0.460    746.992    746.993      0.106
   295         21  (g)                -71   266   266   302   315   153   156     -1.856      0.294    258.757    258.764      0.527
   296         21  (g)                -71   233   233   302   315   154   153     -0.348     -0.375     58.437     58.439      0.000
   297         21  (g)                -71   265   265   302   315   118   154     -0.147     -1.815     91.299     91.318      0.248
   298         21  (g)                -71   220   220   302   315   142   118     -0.994     -0.129     37.689     37.702      0.000
   299         21  (g)                -71   221   221   302   315   106   142     -0.699      0.137      1.219      1.411      0.000
   300         21  (g)                -71   263   263   302   315   135   106     -0.865      0.755      1.096      1.588      0.052
   301         -3  (sbar)             -71   197   197   302   315     0   135     -0.186      0.032      0.982      1.118      0.500
   302        423  (D*0)              -83   292   301   463   464     0     0     -3.269     -0.826    619.590    619.602      2.007
   303        111  (pi0)              -83   292   301   465   466     0     0     -0.458      0.149    201.339    201.340      0.135
   304       2212  p+                  83   292   301     0     0     0     0     -0.969      0.132    169.862    169.867      0.938
   305      -2112  nbar0               83   292   301     0     0     0     0     -1.242     -0.178    433.955    433.958      0.940
   306        113  (rho0)             -83   292   301   397   398     0     0     -0.799     -0.255    166.676    166.680      0.634
   307        311  (K0)               -83   292   301   399   399     0     0      0.001      0.344     66.556     66.558      0.498
   308       -321  K-                  83   292   301     0     0     0     0     -1.374     -0.601     83.366     83.381      0.494
   309        221  (eta)              -83   292   301   467   468     0     0      0.252     -0.807     29.645     29.663      0.548
   310        111  (pi0)              -83   292   301   469   470     0     0      0.189     -0.440     42.362     42.365      0.135
   311        221  (eta)              -84   292   301   471   472     0     0     -0.485     -0.025     13.202     13.223      0.548
   312        211  pi+                 84   292   301     0     0     0     0     -1.096     -0.166      9.932      9.995      0.140
   313       -211  pi-                 84   292   301     0     0     0     0      0.277      0.018      2.092      2.115      0.140
   314        321  K+                  84   292   301     0     0     0     0     -0.284      0.806      1.533      1.823      0.494
   315        333  (phi)              -84   292   301   473   474     0     0     -0.980      0.065      2.190      2.611      1.028
   316          1  (d)                -71   211   211   331   360   108     0      0.676     -0.062      8.430      8.463      0.330
   317         21  (g)                -71   229   229   331   360   111   108      0.886     -0.371      1.668      1.925      0.000
   318         21  (g)                -71   232   232   331   360   130   111      1.182      0.990      0.584      1.649      0.000
   319         21  (g)                -71   257   257   331   360   151   130     -0.052      0.717      0.222      0.770      0.162
   320         21  (g)                -71   258   258   331   360   147   151      2.037      2.024     -2.330      3.703      0.197
   321         21  (g)                -71   215   215   331   360   127   147      0.112      0.397     -0.559      0.695      0.000
   322         21  (g)                -71   195   195   331   360   119   127     -1.002      1.571     -2.026      2.752      0.000
   323         21  (g)                -71   192   192   331   360   149   119      2.768      1.069     -6.006      6.699      0.000
   324         21  (g)                -71   246   246   331   360   116   149      1.960      0.471    -12.070     12.237      0.000
   325         21  (g)                -71   259   259   331   360   138   116      0.369      0.547    -14.580     14.601      0.426
   326         21  (g)                -71   202   202   331   360   157   138     -1.091      0.192   -183.281    183.284      0.000
   327         21  (g)                -71   260   260   331   360   115   157     -1.282     -4.152   -453.924    453.945      0.553
   328         21  (g)                -71   208   208   331   360   158   115     -0.676     -0.700   -289.443    289.444      0.000
   329         21  (g)                -71   194   194   331   360   117   158     -0.828      0.139   -470.214    470.215      0.000
   330       2101  (ud_0)             -71   252   252   331   360     0   117      0.268     -0.583  -3035.975   3035.975      0.579
   331       2112  n0                  83   316   330     0     0     0     0      1.212     -0.112      8.011      8.157      0.940
   332      -2112  nbar0               83   316   330     0     0     0     0      0.170      0.365      0.749      1.267      0.940
   333        223  (omega)            -83   316   330   475   477     0     0      0.625      0.438      0.973      1.466      0.787
   334       -211  pi-                 83   316   330     0     0     0     0      0.169     -0.067     -0.271      0.355      0.140
   335        211  pi+                 83   316   330     0     0     0     0     -0.095      0.139      0.555      0.596      0.140
   336       -211  pi-                 83   316   330     0     0     0     0      0.445      0.206     -0.177      0.540      0.140
   337        111  (pi0)              -83   316   330   478   479     0     0      0.625     -0.076     -0.362      0.738      0.135
   338        211  pi+                 83   316   330     0     0     0     0      0.658      1.063     -0.421      1.326      0.140
   339        311  (K0)               -83   316   330   400   400     0     0     -0.075      1.542     -0.350      1.659      0.498
   340       -311  (Kbar0)            -83   316   330   401   401     0     0     -0.116     -0.122     -0.324      0.617      0.498
   341        311  (K0)               -83   316   330   402   402     0     0      0.892      1.053     -1.575      2.152      0.498
   342       -313  (K*bar0)           -83   316   330   403   404     0     0      0.362      0.437     -1.666      1.960      0.863
   343       -213  (rho-)             -83   316   330   405   406     0     0      0.452      0.706     -3.241      3.498      1.015
   344        213  (rho+)             -83   316   330   407   408     0     0      0.886      0.183     -6.169      6.291      0.841
   345       -211  pi-                 83   316   330     0     0     0     0      0.183     -0.157     -2.691      2.705      0.140
   346        113  (rho0)             -83   316   330   409   410     0     0      0.443      0.973     -3.303      3.546      0.721
   347        113  (rho0)             -83   316   330   411   412     0     0      1.173      0.211     -6.595      6.741      0.728
   348        111  (pi0)              -83   316   330   480   481     0     0      0.557      0.353    -16.975     16.988      0.135
   349        323  (K*+)              -83   316   330   413   414     0     0     -0.275     -0.041    -16.294     16.321      0.894
   350       3122  (Lambda0)          -83   316   330   482   483     0     0      0.146     -0.151    -34.719     34.737      1.116
   351      -2112  nbar0               84   316   330     0     0     0     0     -0.425      0.310   -108.319    108.324      0.940
   352        313  (K*0)              -84   316   330   415   416     0     0     -0.742     -1.644   -125.256    125.272      0.920
   353       -321  K-                  84   316   330     0     0     0     0      0.022     -0.233   -168.794    168.795      0.494
   354        221  (eta)              -84   316   330   484   486     0     0     -0.522     -0.780   -123.052    123.056      0.548
   355        211  pi+                 84   316   330     0     0     0     0     -0.125     -0.913   -123.031    123.035      0.140
   356       -211  pi-                 84   316   330     0     0     0     0     -0.127     -0.252    -61.103     61.103      0.140
   357        213  (rho+)             -84   316   330   417   418     0     0     -0.418     -0.148   -169.787    169.789      0.802
   358        313  (K*0)              -84   316   330   419   420     0     0     -0.424     -0.296   -871.263    871.264      0.983
   359       -323  (K*-)              -84   316   330   421   422     0     0     -0.896     -0.508  -1102.892   1102.893      0.862
   360       2212  p+                  84   316   330     0     0     0     0      0.544     -0.228  -1521.165   1521.166      0.938
   361          2  (u)                -71   251   251   368   390   104     0      0.393     -0.269  -2325.194   2325.194      0.330
   362         21  (g)                -71   212   212   368   390   144   104     -1.163     -2.970      2.146      3.844      0.000
   363         21  (g)                -71   253   253   368   390   113   144     -0.277     -1.225      4.915      5.077      0.218
   364         21  (g)                -71   204   204   368   390   152   113      0.444     -0.506      8.941      8.967      0.000
   365         21  (g)                -71   193   193   368   390   101   152      1.040      0.232      5.018      5.130      0.000
   366         21  (g)                -71   216   216   368   390   155   101      0.615      0.015     32.566     32.572      0.000
   367         -1  (dbar)             -71   213   213   368   390     0   155      0.193      1.061     49.256     49.269      0.330
   368        213  (rho+)             -83   361   367   423   424     0     0      0.106     -0.000  -1244.294   1244.294      0.729
   369        111  (pi0)              -83   361   367   487   488     0     0      0.887     -0.487   -654.369    654.370      0.135
   370       -211  pi-                 83   361   367     0     0     0     0     -0.619      0.263   -249.786    249.787      0.140
   371        211  pi+                 83   361   367     0     0     0     0     -0.172     -0.332    -30.034     30.037      0.140
   372       -211  pi-                 83   361   367     0     0     0     0      0.241      0.204    -14.561     14.565      0.140
   373        321  K+                  83   361   367     0     0     0     0     -0.024      0.377    -20.982     20.991      0.494
   374        333  (phi)              -83   361   367   489   490     0     0      0.086     -0.376   -100.142    100.148      1.019
   375       -313  (K*bar0)           -83   361   367   425   426     0     0     -0.190      0.110     -3.867      3.966      0.852
   376       -211  pi-                 83   361   367     0     0     0     0      0.060     -0.269     -0.379      0.489      0.140
   377       2224  (Delta++)          -83   361   367   427   428     0     0     -0.328     -0.167     -2.824      3.081      1.175
   378      -2224  (Deltabar--)       -83   361   367   429   430     0     0      0.262     -0.247     -1.753      2.235      1.339
   379        111  (pi0)              -84   361   367   491   492     0     0     -0.145      0.058     -0.853      0.877      0.135
   380        323  (K*+)              -84   361   367   431   432     0     0     -0.168     -0.171     -0.074      0.953      0.919
   381       -313  (K*bar0)           -84   361   367   433   434     0     0      0.124     -0.795      0.127      1.142      0.801
   382       -213  (rho-)             -84   361   367   435   436     0     0     -0.268     -0.507      1.816      2.117      0.925
   383        113  (rho0)             -84   361   367   437   438     0     0     -0.547     -0.794      1.243      2.015      1.259
   384        111  (pi0)              -84   361   367   493   494     0     0     -0.333     -0.419      0.929      1.080      0.135
   385       2212  p+                  84   361   367     0     0     0     0      0.368     -0.906      3.909      4.137      0.938
   386       -213  (rho-)             -84   361   367   439   440     0     0      0.145      0.223      3.609      3.712      0.826
   387      -2114  (Deltabar0)        -84   361   367   441   442     0     0      0.772     -0.609     14.664     14.752      1.278
   388        211  pi+                 84   361   367     0     0     0     0      0.221     -0.087      5.884      5.890      0.140
   389       -211  pi-                 84   361   367     0     0     0     0      0.327      0.128      5.298      5.311      0.140
   390        213  (rho+)             -84   361   367   443   444     0     0      0.442      1.141     64.088     64.103      0.607
   391        211  pi+                 91   277     0     0     0     0     0     -0.143      0.077      2.681      2.689      0.140
   392        111  (pi0)              -91   277     0   495   496     0     0      0.030     -0.065      0.049      0.160      0.135
   393        130  K_L0                91   286   286     0     0     0     0      0.497     -1.153    160.660    160.665      0.498
   394        310  (K_S0)             -91   287   287   497   498     0     0      0.233     -0.565    251.482    251.483      0.498
   395        211  pi+                 91   290     0     0     0     0     0     -0.131     -0.386    261.194    261.195      0.140
   396       -211  pi-                 91   290     0     0     0     0     0     -0.523      0.339    126.711    126.713      0.140
   397        211  pi+                 91   306     0     0     0     0     0     -0.169      0.170     48.735     48.736      0.140
   398       -211  pi-                 91   306     0     0     0     0     0     -0.630     -0.424    117.942    117.944      0.140
   399        130  K_L0                91   307   307     0     0     0     0      0.001      0.344     66.556     66.558      0.498
   400        310  (K_S0)             -91   339   339   499   500     0     0     -0.075      1.542     -0.350      1.659      0.498
   401        130  K_L0                91   340   340     0     0     0     0     -0.116     -0.122     -0.324      0.617      0.498
   402        130  K_L0                91   341   341     0     0     0     0      0.892      1.053     -1.575      2.152      0.498
   403       -321  K-                  91   342     0     0     0     0     0      0.506      0.237     -1.287      1.488      0.494
   404        211  pi+                 91   342     0     0     0     0     0     -0.143      0.200     -0.379      0.473      0.140
   405       -211  pi-                 91   343     0     0     0     0     0      0.332      0.797     -3.162      3.281      0.140
   406        111  (pi0)              -91   343     0   501   502     0     0      0.120     -0.091     -0.079      0.217      0.135
   407        211  pi+                 91   344     0     0     0     0     0      0.688     -0.175     -4.855      4.908      0.140
   408        111  (pi0)              -91   344     0   503   504     0     0      0.198      0.358     -1.314      1.383      0.135
   409        211  pi+                 91   346     0     0     0     0     0      0.137      0.737     -2.769      2.872      0.140
   410       -211  pi-                 91   346     0     0     0     0     0      0.306      0.235     -0.534      0.674      0.140
   411        211  pi+                 91   347     0     0     0     0     0      0.135     -0.087     -2.321      2.330      0.140
   412       -211  pi-                 91   347     0     0     0     0     0      1.038      0.298     -4.274      4.411      0.140
   413        311  (K0)               -91   349     0   445   445     0     0     -0.160     -0.034     -5.390      5.416      0.498
   414        211  pi+                 91   349     0     0     0     0     0     -0.114     -0.007    -10.904     10.905      0.140
   415        311  (K0)               -91   352     0   446   446     0     0     -0.425     -1.353   -108.072    108.082      0.498
   416        111  (pi0)              -91   352     0   505   506     0     0     -0.317     -0.291    -17.184     17.190      0.135
   417        211  pi+                 91   357     0     0     0     0     0     -0.284     -0.305    -43.315     43.318      0.140
   418        111  (pi0)              -91   357     0   507   508     0     0     -0.133      0.158   -126.471    126.472      0.135
   419        311  (K0)               -91   358     0   447   447     0     0     -0.103     -0.495   -546.476    546.476      0.498
   420        111  (pi0)              -91   358     0   509   510     0     0     -0.321      0.199   -324.787    324.787      0.135
   421       -321  K-                  91   359     0     0     0     0     0     -0.265     -0.167   -605.455    605.455      0.494
   422        111  (pi0)              -91   359     0   511   512     0     0     -0.631     -0.341   -497.437    497.438      0.135
   423        211  pi+                 91   368     0     0     0     0     0     -0.073     -0.002  -1123.041   1123.041      0.140
   424        111  (pi0)              -91   368     0   513   514     0     0      0.179      0.002   -121.253    121.253      0.135
   425       -321  K-                  91   375     0     0     0     0     0     -0.116      0.330     -2.483      2.555      0.494
   426        211  pi+                 91   375     0     0     0     0     0     -0.075     -0.220     -1.384      1.410      0.140
   427       2212  p+                  91   377     0     0     0     0     0     -0.113     -0.054     -2.284      2.472      0.938
   428        211  pi+                 91   377     0     0     0     0     0     -0.215     -0.114     -0.540      0.609      0.140
   429      -2212  pbar-               91   378     0     0     0     0     0      0.199      0.005     -0.839      1.274      0.938
   430       -211  pi-                 91   378     0     0     0     0     0      0.063     -0.252     -0.915      0.961      0.140
   431        311  (K0)               -91   380     0   448   448     0     0     -0.044      0.127      0.149      0.537      0.498
   432        211  pi+                 91   380     0     0     0     0     0     -0.124     -0.298     -0.223      0.416      0.140
   433       -311  (Kbar0)            -91   381     0   449   449     0     0     -0.003     -0.754      0.221      0.930      0.498
   434        111  (pi0)              -91   381     0   515   516     0     0      0.128     -0.040     -0.094      0.212      0.135
   435       -211  pi-                 91   382     0     0     0     0     0      0.035      0.159      0.956      0.979      0.140
   436        111  (pi0)              -91   382     0   517   518     0     0     -0.303     -0.667      0.860      1.138      0.135
   437        211  pi+                 91   383     0     0     0     0     0      0.090      0.075      0.835      0.854      0.140
   438       -211  pi-                 91   383     0     0     0     0     0     -0.637     -0.869      0.408      1.161      0.140
   439       -211  pi-                 91   386     0     0     0     0     0      0.131      0.420      1.120      1.212      0.140
   440        111  (pi0)              -91   386     0   519   520     0     0      0.014     -0.197      2.488      2.500      0.135
   441      -2112  nbar0               91   387     0     0     0     0     0      0.745     -0.575     10.226     10.312      0.940
   442        111  (pi0)              -91   387     0   521   522     0     0      0.027     -0.034      4.438      4.440      0.135
   443        211  pi+                 91   390     0     0     0     0     0      0.354      0.613     24.253     24.264      0.140
   444        111  (pi0)              -91   390     0   523   524     0     0      0.088      0.528     39.835     39.839      0.135
   445        130  K_L0                91   413   413     0     0     0     0     -0.160     -0.034     -5.390      5.416      0.498
   446        310  (K_S0)             -91   415   415   525   526     0     0     -0.425     -1.353   -108.072    108.082      0.498
   447        310  (K_S0)             -91   419   419   527   528     0     0     -0.103     -0.495   -546.476    546.476      0.498
   448        310  (K_S0)             -91   431   431   529   530     0     0     -0.044      0.127      0.149      0.537      0.498
   449        130  K_L0                91   433   433     0     0     0     0     -0.003     -0.754      0.221      0.930      0.498
   450        333  (phi)              -91   270     0   531   532     0     0      0.560     -0.130    216.340    216.344      1.019
   451       -211  pi-                 91   270     0     0     0     0     0      0.135     -0.070    408.310    408.310      0.140
   452         22  gamma               91   278     0     0     0     0     0      0.242     -0.054      1.487      1.508      0.000
   453         22  gamma               91   278     0     0     0     0     0      0.624     -0.061      2.718      2.789      0.000
   454         22  gamma               91   280     0     0     0     0     0     -0.064      0.180      0.596      0.626      0.000
   455         22  gamma               91   280     0     0     0     0     0     -0.111      0.388      2.055      2.094      0.000
   456        211  pi+                 91   281     0     0     0     0     0     -0.260      0.795      3.044      3.160      0.140
   457       -211  pi-                 91   281     0     0     0     0     0     -0.560      0.825      6.014      6.098      0.140
   458        111  (pi0)              -91   281     0   533   534     0     0     -0.109      0.534      2.625      2.684      0.135
   459         22  gamma               91   288     0     0     0     0     0      0.649     -0.221    117.652    117.654      0.000
   460         22  gamma               91   288     0     0     0     0     0      0.142     -0.087     39.739     39.739      0.000
   461         22  gamma               91   289     0     0     0     0     0      0.075     -0.041     96.470     96.470      0.000
   462         22  gamma               91   289     0     0     0     0     0      0.297      0.015    630.321    630.321      0.000
   463        421  (D0)               -91   302     0   535   536     0     0     -3.032     -0.811    576.172    576.183      1.865
   464        111  (pi0)              -91   302     0   537   538     0     0     -0.237     -0.016     43.418     43.419      0.135
   465         22  gamma               91   303     0     0     0     0     0     -0.415      0.112    189.110    189.111      0.000
   466         22  gamma               91   303     0     0     0     0     0     -0.044      0.037     12.229     12.229      0.000
   467         22  gamma               91   309     0     0     0     0     0      0.060     -0.026     10.529     10.529      0.000
   468         22  gamma               91   309     0     0     0     0     0      0.192     -0.781     19.117     19.134      0.000
   469         22  gamma               91   310     0     0     0     0     0      0.019      0.006      1.829      1.829      0.000
   470         22  gamma               91   310     0     0     0     0     0      0.169     -0.446     40.533     40.536      0.000
   471         22  gamma               91   311     0     0     0     0     0     -0.346      0.100     12.027     12.032      0.000
   472         22  gamma               91   311     0     0     0     0     0     -0.140     -0.125      1.176      1.191      0.000
   473        321  K+                  91   315     0     0     0     0     0     -0.540      0.115      1.361      1.549      0.494
   474       -321  K-                  91   315     0     0     0     0     0     -0.440     -0.050      0.829      1.062      0.494
   475        211  pi+                 91   333     0     0     0     0     0      0.045      0.194      0.023      0.244      0.140
   476       -211  pi-                 91   333     0     0     0     0     0      0.120      0.205      0.452      0.529      0.140
   477        111  (pi0)              -91   333     0   539   540     0     0      0.460      0.039      0.499      0.693      0.135
   478         22  gamma               91   337     0     0     0     0     0      0.615     -0.090     -0.365      0.721      0.000
   479         22  gamma               91   337     0     0     0     0     0      0.009      0.014      0.003      0.017      0.000
   480         22  gamma               91   348     0     0     0     0     0      0.452      0.226    -13.426     13.435      0.000
   481         22  gamma               91   348     0     0     0     0     0      0.104      0.127     -3.549      3.553      0.000
   482       2212  p+                  91   350     0     0     0     0     0      0.198     -0.190    -28.916     28.932      0.938
   483       -211  pi-                 91   350     0     0     0     0     0     -0.052      0.039     -5.803      5.805      0.140
   484        211  pi+                 91   354     0     0     0     0     0     -0.059     -0.157    -15.626     15.628      0.140
   485       -211  pi-                 91   354     0     0     0     0     0     -0.196     -0.181    -44.032     44.033      0.140
   486        111  (pi0)              -91   354     0   541   542     0     0     -0.268     -0.442    -63.393     63.395      0.135
   487         22  gamma               91   369     0     0     0     0     0      0.317     -0.249   -261.969    261.969      0.000
   488         22  gamma               91   369     0     0     0     0     0      0.571     -0.238   -392.400    392.400      0.000
   489        130  K_L0                91   374     0     0     0     0     0      0.129     -0.161    -44.229     44.233      0.498
   490        310  (K_S0)             -91   374     0   543   544     0     0     -0.043     -0.216    -55.913     55.915      0.498
   491         22  gamma               91   379     0     0     0     0     0     -0.161      0.046     -0.573      0.597      0.000
   492         22  gamma               91   379     0     0     0     0     0      0.016      0.013     -0.280      0.280      0.000
   493         22  gamma               91   384     0     0     0     0     0     -0.218     -0.358      0.663      0.785      0.000
   494         22  gamma               91   384     0     0     0     0     0     -0.115     -0.060      0.265      0.295      0.000
   495         22  gamma               91   392     0     0     0     0     0     -0.028     -0.017      0.074      0.081      0.000
   496         22  gamma               91   392     0     0     0     0     0      0.058     -0.047     -0.025      0.079      0.000
   497        211  pi+                 91   394     0     0     0     0     0      0.268     -0.160     86.410     86.411      0.140
   498       -211  pi-                 91   394     0     0     0     0     0     -0.034     -0.405    165.071    165.072      0.140
   499        211  pi+                 91   400     0     0     0     0     0      0.005      0.227     -0.185      0.325      0.140
   500       -211  pi-                 91   400     0     0     0     0     0     -0.080      1.314     -0.165      1.334      0.140
   501         22  gamma               91   406     0     0     0     0     0      0.139     -0.067     -0.097      0.182      0.000
   502         22  gamma               91   406     0     0     0     0     0     -0.019     -0.024      0.018      0.035      0.000
   503         22  gamma               91   408     0     0     0     0     0     -0.011      0.025     -0.032      0.042      0.000
   504         22  gamma               91   408     0     0     0     0     0      0.209      0.334     -1.282      1.341      0.000
   505         22  gamma               91   416     0     0     0     0     0     -0.034     -0.008     -0.566      0.567      0.000
   506         22  gamma               91   416     0     0     0     0     0     -0.282     -0.284    -16.618     16.622      0.000
   507         22  gamma               91   418     0     0     0     0     0     -0.043      0.150    -77.419     77.420      0.000
   508         22  gamma               91   418     0     0     0     0     0     -0.090      0.008    -49.052     49.052      0.000
   509         22  gamma               91   420     0     0     0     0     0     -0.268      0.217   -278.190    278.190      0.000
   510         22  gamma               91   420     0     0     0     0     0     -0.053     -0.018    -46.597     46.597      0.000
   511         22  gamma               91   422     0     0     0     0     0     -0.268     -0.096   -162.910    162.910      0.000
   512         22  gamma               91   422     0     0     0     0     0     -0.363     -0.245   -334.527    334.528      0.000
   513         22  gamma               91   424     0     0     0     0     0      0.009      0.047    -29.197     29.197      0.000
   514         22  gamma               91   424     0     0     0     0     0      0.170     -0.045    -92.056     92.056      0.000
   515         22  gamma               91   434     0     0     0     0     0     -0.009     -0.007     -0.069      0.070      0.000
   516         22  gamma               91   434     0     0     0     0     0      0.136     -0.033     -0.025      0.142      0.000
   517         22  gamma               91   436     0     0     0     0     0     -0.028     -0.202      0.261      0.331      0.000
   518         22  gamma               91   436     0     0     0     0     0     -0.275     -0.464      0.599      0.806      0.000
   519         22  gamma               91   440     0     0     0     0     0      0.016     -0.008      0.908      0.908      0.000
   520         22  gamma               91   440     0     0     0     0     0     -0.002     -0.189      1.581      1.592      0.000
   521         22  gamma               91   442     0     0     0     0     0      0.043     -0.048      4.311      4.312      0.000
   522         22  gamma               91   442     0     0     0     0     0     -0.016      0.014      0.127      0.128      0.000
   523         22  gamma               91   444     0     0     0     0     0      0.115      0.454     35.795     35.798      0.000
   524         22  gamma               91   444     0     0     0     0     0     -0.027      0.073      4.040      4.041      0.000
   525        211  pi+                 91   446     0     0     0     0     0     -0.025     -0.766    -56.460     56.466      0.140
   526       -211  pi-                 91   446     0     0     0     0     0     -0.400     -0.587    -51.612     51.617      0.140
   527        111  (pi0)              -91   447     0   545   546     0     0     -0.148     -0.510   -475.605    475.605      0.135
   528        111  (pi0)              -91   447     0   547   548     0     0      0.045      0.015    -70.871     70.871      0.135
   529        111  (pi0)              -91   448     0   549   550     0     0     -0.123      0.163     -0.079      0.257      0.135
   530        111  (pi0)              -91   448     0   551   552     0     0      0.079     -0.036      0.229      0.279      0.135
   531        321  K+                  91   450     0     0     0     0     0      0.257     -0.081     83.588     83.590      0.494
   532       -321  K-                  91   450     0     0     0     0     0      0.303     -0.049    132.752    132.753      0.494
   533         22  gamma               91   458     0     0     0     0     0     -0.058      0.388      2.127      2.163      0.000
   534         22  gamma               91   458     0     0     0     0     0     -0.051      0.146      0.498      0.521      0.000
   535     -10323  (K_1(1270)-)       -91   463     0   553   554     0     0     -2.161     -1.074    391.908    391.917      1.200
   536        211  pi+                 91   463     0     0     0     0     0     -0.871      0.263    184.264    184.266      0.140
   537         22  gamma               91   464     0     0     0     0     0      0.008     -0.014      7.653      7.653      0.000
   538         22  gamma               91   464     0     0     0     0     0     -0.245     -0.002     35.765     35.766      0.000
   539         22  gamma               91   477     0     0     0     0     0      0.281      0.058      0.385      0.480      0.000
   540         22  gamma               91   477     0     0     0     0     0      0.179     -0.019      0.115      0.213      0.000
   541         22  gamma               91   486     0     0     0     0     0     -0.162     -0.244    -43.387     43.388      0.000
   542         22  gamma               91   486     0     0     0     0     0     -0.106     -0.198    -20.006     20.007      0.000
   543        111  (pi0)              -91   490     0   555   556     0     0     -0.111      0.094    -18.371     18.372      0.135
   544        111  (pi0)              -91   490     0   557   558     0     0      0.068     -0.309    -37.541     37.543      0.135
   545         22  gamma               91   527     0     0     0     0     0     -0.013     -0.283   -256.095    256.095      0.000
   546         22  gamma               91   527     0     0     0     0     0     -0.135     -0.227   -219.510    219.510      0.000
   547         22  gamma               91   528     0     0     0     0     0      0.053      0.069    -47.818     47.818      0.000
   548         22  gamma               91   528     0     0     0     0     0     -0.008     -0.054    -23.053     23.053      0.000
   549         22  gamma               91   529     0     0     0     0     0     -0.095      0.184     -0.082      0.222      0.000
   550         22  gamma               91   529     0     0     0     0     0     -0.028     -0.021      0.003      0.035      0.000
   551         22  gamma               91   530     0     0     0     0     0      0.019     -0.048      0.010      0.052      0.000
   552         22  gamma               91   530     0     0     0     0     0      0.060      0.011      0.219      0.227      0.000
   553     -10311  (K*_0(1430)bar0)   -91   535     0   559   560     0     0     -2.067     -1.092    375.180    375.188      0.920
   554       -211  pi-                 91   535     0     0     0     0     0     -0.094      0.018     16.728     16.729      0.140
   555         22  gamma               91   543     0     0     0     0     0     -0.011      0.018     -0.348      0.348      0.000
   556         22  gamma               91   543     0     0     0     0     0     -0.100      0.076    -18.024     18.024      0.000
   557         22  gamma               91   544     0     0     0     0     0      0.107     -0.240    -27.206     27.208      0.000
   558         22  gamma               91   544     0     0     0     0     0     -0.040     -0.070    -10.335     10.335      0.000
   559       -311  (Kbar0)            -91   553     0   561   561     0     0     -0.780     -0.219    144.680    144.683      0.498
   560        111  (pi0)              -91   553     0   562   563     0     0     -1.287     -0.873    230.500    230.506      0.135
   561        310  (K_S0)             -91   559   559   564   565     0     0     -0.780     -0.219    144.680    144.683      0.498
   562         22  gamma               91   560     0     0     0     0     0     -0.083     -0.101     19.100     19.101      0.000
   563         22  gamma               91   560     0     0     0     0     0     -1.204     -0.772    211.400    211.405      0.000
   564        111  (pi0)              -91   561     0   566   567     0     0     -0.768     -0.178    114.939    114.942      0.135
   565        111  (pi0)              -91   561     0   568   569     0     0     -0.011     -0.040     29.741     29.741      0.135
   566         22  gamma               91   564     0     0     0     0     0     -0.676     -0.109     98.257     98.260      0.000
   567         22  gamma               91   564     0     0     0     0     0     -0.092     -0.069     16.682     16.682      0.000
   568         22  gamma               91   565     0     0     0     0     0      0.046     -0.001     21.279     21.279      0.000
   569         22  gamma               91   565     0     0     0     0     0     -0.057     -0.039      8.461      8.462      0.000
                                   Charge sum:  2.000           Momentum sum:      0.000      0.000     -0.000  13600.000  13600.000

 --------  End PYTHIA Event Listing  -----------------------------------------------------------------------------------------------